${AnsiColor.BRIGHT_RED}-------------------------------------------------------------------------------------------------------------------
8 8888888888   8 888888888o.   8 8888888888   b.             8 8888888 8888888888 8 8888         `8.`8888.      ,8'
8 8888         8 8888    `88.  8 8888         888o.          8       8 8888       8 8888          `8.`8888.    ,8'
${AnsiColor.BRIGHT_YELLOW}8 8888         8 8888     `88  8 8888         Y88888o.       8       8 8888       8 8888           `8.`8888.  ,8'
8 8888         8 8888     ,88  8 8888         .`Y888888o.    8       8 8888       8 8888            `8.`8888.,8'
${AnsiColor.BRIGHT_GREEN}8 888888888888 8 8888.   ,88'  8 888888888888 8o. `Y888888o. 8       8 8888       8 8888             `8.`88888'
8 8888         8 888888888P'   8 8888         8`Y8o. `Y88888o8       8 8888       8 8888              `8. 8888
${AnsiColor.BLUE}8 8888         8 8888`8b       8 8888         8   `Y8o. `Y8888       8 8888       8 8888               `8 8888
8 8888         8 8888 `8b.     8 8888         8      `Y8o. `Y8       8 8888       8 8888                8 8888
${AnsiColor.MAGENTA}8 8888         8 8888   `8b.   8 8888         8         `Y8o.`       8 8888       8 8888                8 8888
8 8888         8 8888     `88. 8 888888888888 8            `Yo       8 8888       8 888888888888        8 8888
------------------------------------------------------------------------------------------------------------------
${AnsiColor.WHITE}
